1000
4599 4834
3519 1027
3171 8969
4886 5691
2682 3368
9109 8806
1915 2377
742 4070
7250 566
5598 3021
6443 1478
9423 2450
1437 8931
2137 9443
8523 1930
9066 2433
6963 5272
7316 4258
9163 1231
1566 8628
9418 1058
8873 1653
2757 636
8046 9312
3728 9737
687 7091
5093 5119
7531 2010
5264 6654
7388 790
6557 1478
412 8177
7578 4627
9519 9553
778 7843
6997 7751
6112 683
4709 9089
1490 3372
1885 3772
998 3944
3091 5704
5136 819
528 9614
7416 4111
4194 1775
2195 7279
4641 5607
9460 2360
6183 9887
2125 596
8618 2446
9042 2388
6623 1292
6017 1204
4277 8676
6869 9045
1141 6246
9556 324
4887 9341
1251 701
776 1335
9953 6985
7268 8778
2810 647
727 2574
3299 844
8694 3347
1416 6045
1821 129
9956 8894
6067 9445
5278 968
6136 9594
6895 6447
7628 369
6428 2749
4381 4445
5665 9538
650 2581
5896 6979
4025 3339
1026 6633
2915 2584
6543 1851
8075 8705
605 232
8006 3001
9765 960
8844 9263
2436 5873
2711 2168
1705 5570
8762 2956
2886 7985
5465 8602
4636 4293
8238 8378
5019 840
3612 1784
4212 4844
3220 9151
8363 6101
2378 5365
3185 6411
1713 644
6406 4378
4972 5817
120 3573
362 1616
3431 3440
8959 2385
8962 29
8029 5796
7063 2353
3723 8184
8483 4210
574 6769
8210 5881
6466 4122
9430 4583
6250 225
8232 2151
4763 3843
6390 3533
7233 1753
852 2608
8464 281
9375 2667
4456 5963
9328 6594
722 1168
5279 2521
7070 1383
8710 2353
3665 8143
1023 1608
9060 4560
2743 4301
2115 6417
592 4825
1941 8103
610 959
3544 9547
1009 272
2116 5066
2479 3328
7424 5849
5445 2452
2129 5083
9123 960
5958 7972
3839 9014
5082 5845
6866 6754
4805 512
5372 6644
6247 5889
4205 2766
762 4303
4297 3305
3764 7208
8388 2009
83 4001
5721 2106
7210 2893
1512 9716
4299 9225
3381 8061
3576 8988
1513 1066
2439 2222
9799 8587
487 3250
3646 9236
4085 3549
6592 2670
4794 4073
3495 9431
2014 294
6387 2485
7760 3300
1210 3984
644 925
754 5741
9526 4726
2025 6108
6139 8504
4077 7446
5786 3629
6856 7373
1615 2889
5995 8370
7836 2873
5077 6425
9014 5946
8694 492
7755 6248
7349 7354
9291 2901
447 3143
2485 9978
4343 6193
2127 4960
5956 6413
8901 1791
2711 6287
6001 5094
6879 4949
4016 8784
5482 7114
3084 2965
1096 7473
364 8902
5643 5991
8957 6948
9347 3293
7864 1507
1925 6219
4115 3486
9895 361
7017 6474
2861 4214
3326 4588
7993 5422
4143 4609
2572 5986
780 9526
3534 4941
459 2385
4947 8210
6714 8586
2479 41
2019 8077
3902 7259
8498 9799
5149 9585
1940 1054
8783 2780
6074 732
2058 5351
2012 6413
5505 9882
5007 2586
7476 366
6336 5242
7802 8311
9361 7980
2678 9028
3756 9020
1553 1655
9027 8228
7795 8420
4750 4962
3149 4090
936 9659
2620 1798
7160 9533
9363 4066
7651 4329
3558 1436
1753 6161
9162 1951
9344 1318
5849 577
2870 5037
6631 40
4330 3971
8282 3916
1999 6280
2034 6680
9529 3106
8998 4634
8506 2868
3905 8304
9007 5268
777 7869
4279 3534
4548 4389
9866 8895
6196 9424
7288 8788
2033 3671
9377 7800
2765 4864
652 4881
3600 6456
3137 5770
5729 4771
9586 4087
5207 1926
7861 5205
95 7357
8797 773
5921 4770
8371 2687
2867 6987
8869 7907
2668 9756
4087 1791
6345 2300
1662 2726
1409 5952
333 7090
6949 6933
2847 9612
8121 9923
3041 1355
7812 2528
2360 446
1116 1258
6714 3643
5919 4979
6870 7838
988 7270
1483 5134
1713 6104
6740 5214
9223 5101
1816 1252
750 8853
1066 7258
1195 380
257 2061
1257 1048
2892 1929
9187 7749
9520 415
2842 5062
3146 2651
9182 2226
2846 199
5712 1050
7238 8227
9611 7825
5328 1334
1872 3488
870 7031
3550 7180
1763 9567
9873 2424
2998 4583
1935 4604
2854 4515
205 1700
2193 7961
6192 9524
7359 3256
9669 1982
4959 2430
8082 2833
1206 9377
4377 347
6493 1008
6589 8673
9375 650
6287 5301
6694 2459
5055 5614
7276 3562
2007 8778
7340 9882
3675 987
3533 5460
6311 5838
4212 5248
4053 50
8219 498
9133 8016
1875 9646
4380 6588
1459 7558
917 8417
7 233
3479 7466
7192 9944
6529 7138
1532 8710
2547 9305
2051 6279
4198 9403
2111 7523
6189 1823
5580 2714
677 796
1798 6178
1052 8294
2269 2078
1693 5202
9079 5143
8512 5229
6130 4558
9343 5408
6906 8147
423 1427
649 2558
634 2049
9039 8437
2999 7568
5628 8082
3287 7179
9971 5372
1093 140
6098 3348
2620 8060
4733 3702
1648 1190
2111 7709
9873 1753
5881 4696
6203 7383
2553 360
7175 258
2219 3911
8634 4939
6667 1854
1824 4370
2862 8063
9388 714
2984 1041
8172 6058
9229 6547
8723 1862
319 3866
6651 7178
5994 7284
2217 6236
4741 1966
4630 1129
4255 6293
645 3359
5992 4716
7231 3016
8826 3591
933 3806
4444 4711
9428 8308
96 1673
7739 2521
7636 9702
8935 858
1447 9017
831 4203
1932 2147
9227 8654
2581 3354
7244 8318
768 7892
7059 2789
962 7869
4382 1302
8297 7894
2261 9640
9729 1832
5796 2650
671 745
7955 8956
6369 9960
7185 1434
4869 7529
111 8924
3418 7229
7605 1939
7500 306
6507 6307
8748 3364
6123 9671
1637 9335
1293 7792
7665 8550
5745 3233
3851 9969
5311 7102
388 1537
1477 2005
2253 8091
8456 4040
6623 5540
1184 7672
3240 3908
6867 6360
2632 2793
6204 5541
9993 3391
1043 5260
9640 8238
5144 8121
4632 7276
5164 6778
3814 6892
934 8228
8999 6054
4227 4660
5923 3723
7349 2942
6876 172
8459 3615
1154 4200
2845 6952
6947 8212
9971 5999
1739 8984
6075 3330
882 2589
8875 3240
6361 5026
6967 5043
7201 1763
5850 524
7884 5153
8685 2979
9952 7238
6837 8246
8436 795
8522 6604
1819 6861
5580 3847
8922 3223
8843 7211
569 4190
2812 4221
1098 6505
5016 12
526 8892
6572 7221
606 5547
680 148
5172 9210
7542 1248
208 1141
9285 6397
8231 1784
1486 6325
9236 917
9573 1865
7182 7533
1365 2912
8610 1858
2405 3984
473 4436
6274 939
5603 2578
2429 4182
7970 6414
3676 4803
9816 3506
4512 8926
7355 3754
4649 9894
8076 2356
7704 2353
980 3341
4850 8440
191 9053
6394 1411
9719 6076
7946 9882
5111 2301
8462 8639
1118 1382
7118 3147
8544 3201
3864 2873
350 9273
920 7219
7583 9856
6876 2028
8184 1156
1596 7017
6925 1204
7037 9890
6236 6240
525 6866
9011 7939
9214 3110
3105 1405
4713 1097
9625 3259
9801 1196
2162 2400
518 5972
3880 8890
3291 9991
5949 3861
7874 5656
8272 5407
5384 4054
6677 130
5437 5188
4139 652
6615 3923
8179 9898
6052 1866
5060 6391
8256 5760
2633 9139
3606 3029
7409 4033
8628 9663
9313 1118
8450 9565
2578 9183
6353 2518
6296 611
297 7203
1862 8611
6102 5572
783 4665
4682 2603
9441 6427
8146 525
7230 7766
5048 7005
3144 5702
3927 3210
8873 8338
3901 6397
2114 3810
7545 1229
5048 3350
4869 4498
2787 4091
2629 8174
9069 4354
4127 2947
6853 5405
8155 3267
5467 2324
9723 6079
6189 8684
7706 9946
6088 2386
3899 7798
2033 4373
70 3659
4133 8567
7489 1290
4990 9876
7757 7142
6889 4900
8283 8690
8670 8674
1245 3125
8830 123
6476 4322
5453 4327
6091 4483
4030 3221
9078 2751
2467 3158
3649 4325
9354 3619
5684 2874
4342 3627
3344 5193
2320 3764
3144 5733
5959 1532
7294 5151
1937 5931
6454 2045
2859 5063
9859 5588
5224 5275
9680 208
5790 830
8111 9
6123 9160
1805 230
7555 2439
3690 7018
3633 8777
1793 5567
8802 5737
5720 7765
4928 1079
2989 8779
7502 6388
8243 1952
832 7415
3718 2717
2700 3123
9204 5891
6444 819
2088 7214
3843 236
2887 6624
8754 7587
6323 7076
2514 1356
6050 1605
1257 6742
5475 9395
8923 7356
1916 3326
1931 3894
8486 4181
285 1447
3984 1852
1536 1989
2989 6639
6141 7030
9450 6663
6742 3194
4102 13
9380 2949
1858 3508
9954 246
1847 8657
5510 169
1950 6374
5302 3818
7329 9583
918 5836
1495 2447
7668 7630
5112 3830
8377 1633
6967 4943
2377 5249
9722 3088
8 1310
1090 1671
4284 2816
3235 1940
7841 1405
8012 5460
8788 2886
1613 1991
3742 9686
1133 7570
1324 5642
6039 7137
4231 1629
3916 9370
8982 9569
6256 9619
5512 3746
276 7506
6743 8762
4669 5857
3537 7871
1347 8009
1376 7123
630 2258
3328 646
4808 567
4460 4555
1150 8307
9846 4832
3244 9838
3872 7084
1946 7038
753 3312
5387 9582
2478 1529
5744 7510
574 4056
8047 7722
9938 9403
8189 9760
9332 348
1100 8339
6054 3169
2811 2830
6207 9414
148 6461
9510 9463
7614 7138
6508 2033
2727 4341
8800 9313
3719 8951
1029 2288
9455 1885
4397 4390
6150 7490
4445 199
204 8618
496 5546
6982 9458
2554 7544
5818 2949
4122 5332
4194 2276
1637 453
7318 76
1090 843
468 6431
5278 5539
4456 9954
7922 9948
835 8744
8778 5632
9991 8283
7039 247
7501 9611
2691 7846
2294 4419
1434 3536
7936 3412
6698 5122
7391 3072
5020 5515
1293 8578
3319 3656
6927 9577
5503 6026
4513 7129
1465 8701
5432 25
4748 4090
5065 1811
8458 7065
8219 2388
5108 4917
2225 3442
7366 120
5394 2817
1824 8572
3729 2371
5421 8788
4185 8374
7094 324
7559 7459
4773 9765
2003 6388
4598 789
6695 6799
6240 8263
7892 7597
3745 8001
6654 9487
2910 9645
9865 5244
9857 2021
9967 7043
1075 8623
5451 4085
4366 358
1805 8668
1453 7506
2596 3821
9069 5408
3084 1238
8458 7418
6602 2326
9534 9137
3452 7083
531 6463
3061 5993
5668 2205
944 1430
5173 8691
6615 7933
5848 8666
4821 6688
1296 9098
2891 8519
3259 8252
4135 9931
5437 8471
3221 6377
3088 6399
5600 2111
7959 9014
6274 4082
4705 263
9545 4620
7871 1584
5837 8306
3158 1665
5940 2525
6654 1347
7642 9051
8976 3233
947 1166
5263 1427
8128 8308
9454 3166
488 5080
1549 6423
9332 4387
8258 3404
3280 321
8944 5341
5599 1039
6880 7918
8660 40
3673 4534
5793 2029
5554 5355
4474 6363
121 9473
6661 6775
5432 8205
5574 6382
5103 1813
3766 6634
2074 7442
6383 7434
1522 2253
1902 6303
5813 9171
7778 1553
8084 3472
5137 2234
5024 4110
8720 4749
6111 4976
7831 9746
5298 5711
422 2522
2008 6646
4339 7486
6048 4744
2710 7378
9556 5280
3107 2997
2533 5490
8411 3263
3682 9295
1732 3106
2870 7486
2479 3442
7941 5866
5460 5309
8204 641
660 5010
4866 489
9895 4039
692 1337
2140 5293
7121 3038
8559 9503
879 9246
36 6521
4581 9213
4486 5489
192 7937
7169 4932
9864 7346
8221 5490
1288 2479
5081 6790
9454 5826
5369 3168
5105 6755
5024 3102
6175 6176
7560 6678
3867 2467
2478 2578
3890 8089
5711 7458
6538 3440
4866 5141
9863 8771
6740 9800
3208 2578
3528 7588
7565 1121
4057 1876
1769 8228
6369 3219
7396 8447
3697 1943
9449 8475
8345 8345
6489 6803
204 6315
3149 8983
8255 3169
1766 4724
8157 7021
4541 9690
7285 5424
3274 2517
7535 2780
6915 9634
7179 9204
8052 1678
1083 5602
9413 343
554 594
1878 2730
783 2317
7157 4287
2665 5424
3901 715
782411145 310264392
304504392 891135520
706772833 322851981
848159443 942810718
948098560 968470022
647961971 601888358
269675841 78071338
391241774 294807269
939661393 740998212
0 0
