40
2
0 1 1
1 1 0
15
5 5 5
5 5 5
3
0 0 3
3 0 0
686
479 178 29
11 145 530
319
10 53 256
182 103 34
47
14 21 12
30 9 8
94317
66277 24448 3592
3499 24653 66165
37184
3965 12513 20706
436 6945 29803
1000000000
1000000000 0 0
0 1000000000 0
1000000000
0 1000000000 0
0 0 1000000000
1000000000
0 0 1000000000
1000000000 0 0
1000000000
0 1000000000 0
1 1 999999998
29912
24063 5489 360
10100 9805 10007
57836
19314 19091 19431
40680 14990 2166
36
18 12 6
21 14 1
364
293 64 7
115 122 127
1000000000
89297275 846134561 64568164
663031642 222246870 114721488
961732220
361581771 179093036 421057413
184611622 34898801 742221797
205079872
12699844 177323781 15056247
56986814 62976260 85116798
931934723
512340462 202375672 217218589
24862054 655510760 251561909
973380539
83033196 192609087 697738256
24124463 193317122 755938954
611719383
414247349 142086484 55385550
24922319 472027283 114769781
992526155
514620001 200095684 277810470
589233536 389331163 13961456
752809980
85459976 476485751 190864253
4588621 108831435 639389924
1000000000
156489182 145117627 698393191
584283682 217785715 197930603
664021061
425727725 96184317 142109019
463569859 164060143 36391059
296306745
111213479 36570381 148522885
728762 22073176 273504807
211951290
5585468 170363369 36002453
12947451 176703278 22300561
549443692
382737848 16796163 149909681
81990150 441109182 26344360
883777408
404639975 309590423 169547010
24150042 840092059 19535307
492014327
28667608 206260838 257085881
403185309 83153498 5675520
130891927
10581814 13979481 106330632
73152071 41478868 16260988
1000000000
669793172 146615543 183591285
12476313 9942391 977581296
719072390
55824972 654496367 8751051
136903854 477745400 104423136
812921941
215642936 426179427 171099578
6655875 797933401 8332665
897080525
48313410 325560013 523207102
26603375 25593102 844884048
435492892
15292602 16025347 404174943
262685515 5562121 167245256
801879784
285055113 483389014 33435657
196515621 548035465 57328698
337749994
88786600 10360072 238603322
126215625 187556752 23977617
835152660
4019491 8720352 822412817
95025620 238071137 502055903